<Environment>
	<camtrans>17.278683 7.917375 6.418933</camtrans>
	<camrotationaxis>-0.377736 -0.817204 0.435309 155.516976</camrotationaxis>
	<camfocal>15.883942</camfocal>
	<height> 0.785398 </height>

   <KinBody name="stair0"  file="portableStair_model.dae">
      <Translation> 12.9374951 -0.20590097 0.55397785</Translation>
      <rotationmat> 5.63911098e-03 9.99908738e-01 1.22766663e-02 -9.99984097e-01 5.63776867e-03 1.43943427e-04 7.47172855e-05 -1.22772828e-02 9.99924629e-01 </rotationmat>
   </KinBody>

   <KinBody name="stair1"  file="portableStair_model.dae">
      <Translation> -4.5374951 -2.8 0.82</Translation>
      <rotationmat> 0.63911098e-03 0.99908738e-01 -1.22766663e-02 9.99984097e-01 5.63776867e-03 1.43943427e-04 7.47172855e-05 -1.22772828e-02 9.99924629e-01 </rotationmat>
   </KinBody>


    <KinBody name="airplane_body" file='airplane_body.dae'>
	<Translation> 3.7 6.7 0.767</Translation>
	<rotationmat> 5.63911098e-03 9.99908738e-01 1.22766663e-02 -9.99984097e-01 5.63776867e-03 1.43943427e-04 7.47172855e-05 -1.22772828e-02 9.99924629e-01 </rotationmat>
    </KinBody>

    <KinBody name="airplane_left_wing" file='airplane_left_wing.dae'>
	<Translation> 3.7 6.7 0.767</Translation>
	<rotationmat> 5.63911098e-03 9.99908738e-01 1.22766663e-02 -9.99984097e-01 5.63776867e-03 1.43943427e-04 7.47172855e-05 -1.22772828e-02 9.99924629e-01 </rotationmat>
    </KinBody>

    <KinBody name="airplane_right_wing" file='airplane_right_wing.dae'>
	<Translation> 3.7 6.7 0.767</Translation>
	<rotationmat> 5.63911098e-03 9.99908738e-01 1.22766663e-02 -9.99984097e-01 5.63776867e-03 1.43943427e-04 7.47172855e-05 -1.22772828e-02 9.99924629e-01 </rotationmat>
    </KinBody>

    <KinBody name="hanger" file='plainHangar_model.dae'>
      <Translation> 2.51707864e+00 -3.13383974e-02 6.63436055e-01</Translation>
    </KinBody>

    <KinBody name="car" file='airlineTug_model.dae'>
      <Translation>13.5790932 4.2062995 0.76</Translation>
    </KinBody>

</Environment> 
